857 1917
685 666
404 607
22 154
855 559
416 836
224 194
847 474
372 439
119 165
214 406
400 797
348 424
480 43
464 762
802 600
692 511
54 821
491 621
791 574
687 761
399 38
297 498
228 52
48 658
785 357
226 565
561 129
50 304
93 612
776 186
707 248
821 352
786 834
347 249
593 129
61 257
284 769
817 505
505 197
693 540
731 627
233 556
287 700
783 524
329 352
376 272
67 523
524 276
756 338
666 141
705 382
523 614
665 83
371 507
429 853
745 714
504 216
14 462
508 365
133 702
655 148
88 390
87 797
332 786
594 445
231 829
531 596
630 24
753 579
202 475
370 498
596 594
674 624
313 413
155 13
160 357
36 213
232 568
103 239
394 753
489 821
205 230
575 507
649 560
335 445
233 741
291 740
96 571
316 785
758 468
368 793
95 215
175 207
430 829
33 191
117 609
100 654
636 584
802 32
562 458
543 267
233 750
628 639
777 266
742 20
748 304
199 342
329 435
419 814
810 322
83 841
600 700
433 477
605 202
371 236
151 79
138 192
840 656
840 818
424 813
518 829
379 678
286 150
786 615
555 174
459 856
710 100
147 413
224 243
724 637
195 700
489 241
307 461
99 472
629 526
68 179
417 493
753 670
147 814
813 700
670 574
714 630
92 659
37 318
591 749
407 209
651 648
344 47
108 56
313 321
686 20
523 466
582 165
128 138
87 68
750 49
475 597
437 363
87 608
69 650
74 839
471 715
516 849
60 323
25 295
621 659
768 830
165 509
644 43
21 462
42 392
408 456
100 329
63 839
501 96
822 16
475 304
614 760
389 443
562 168
140 201
238 74
769 678
147 685
102 270
325 485
166 330
332 409
402 670
367 271
640 175
729 754
162 254
344 781
737 772
420 80
352 817
115 207
129 179
669 856
676 830
559 238
500 68
838 339
291 35
151 387
683 296
246 357
728 89
327 721
11 452
472 81
241 225
369 584
482 380
51 794
312 636
117 651
831 188
516 535
723 45
176 595
85 519
785 160
691 197
537 751
165 662
703 629
334 232
840 45
829 21
317 310
9 125
206 849
686 170
230 669
640 696
73 361
237 400
206 15
447 254
489 588
220 383
214 618
648 325
502 730
33 143
765 471
728 756
692 429
610 626
241 426
519 173
164 226
848 493
813 651
102 338
671 72
649 436
44 36
46 117
639 30
491 403
270 171
465 283
82 258
122 413
707 154
230 655
433 367
833 594
553 800
834 244
102 547
200 146
132 308
650 380
797 763
728 851
33 455
2 292
47 340
21 36
295 389
704 490
155 581
673 605
628 112
364 693
623 571
536 136
560 676
138 83
273 214
440 802
239 73
726 254
279 628
856 846
749 72
117 25
657 764
199 365
293 630
705 83
837 129
765 815
235 307
76 386
313 830
336 479
415 369
129 499
719 585
834 826
263 710
364 532
348 811
65 4
384 489
20 303
166 719
676 709
353 370
107 825
165 835
371 764
222 458
832 548
504 224
285 378
61 670
79 35
50 474
633 835
390 784
191 412
375 467
288 538
126 85
823 668
314 508
726 457
584 498
823 70
664 426
739 229
78 11
794 376
83 521
33 666
415 590
72 96
134 120
766 244
671 852
746 224
529 827
235 297
17 799
807 304
422 845
673 383
398 351
702 145
581 334
87 271
227 233
504 569
82 706
346 418
628 583
479 857
725 529
154 557
177 783
700 849
668 778
88 46
261 381
472 199
362 618
770 424
666 835
477 53
776 468
14 3
470 28
680 453
94 237
585 241
442 17
256 433
691 535
356 703
36 829
9 611
211 356
231 857
591 282
4 85
169 357
564 496
268 111
533 725
605 305
828 23
785 90
68 534
197 32
178 561
312 520
786 453
186 26
534 80
519 644
300 190
447 697
549 445
399 570
771 56
42 773
430 636
733 801
439 463
745 664
504 10
310 141
737 407
792 806
341 617
434 134
383 116
276 561
272 414
347 313
666 194
56 266
152 243
392 247
305 605
603 722
218 738
186 414
636 524
840 506
92 594
383 125
420 201
477 573
575 627
653 538
124 469
494 234
220 507
541 720
763 608
836 362
585 411
34 828
607 782
150 581
337 194
240 472
99 367
434 504
587 201
219 83
37 563
442 520
846 673
724 422
671 633
835 432
177 432
591 237
648 237
722 473
850 674
104 587
168 732
432 849
326 487
792 827
854 741
765 12
692 796
291 464
757 365
69 272
586 394
408 526
547 112
415 638
308 145
608 98
312 84
719 854
600 145
35 683
843 701
108 116
496 501
686 500
139 140
233 313
12 547
566 387
608 320
698 755
315 626
227 756
321 623
124 482
783 637
328 743
679 369
593 45
154 57
176 427
395 817
638 719
841 193
329 482
259 395
280 505
84 809
159 835
420 705
441 682
668 319
669 605
11 261
530 312
97 456
532 843
556 466
295 574
68 244
57 48
847 311
481 695
301 709
175 490
163 466
275 86
244 722
616 421
56 562
312 412
773 647
775 167
671 795
401 666
59 444
97 276
1 46
316 783
723 837
824 277
515 699
454 133
1 95
374 428
582 543
643 840
291 127
440 141
385 425
405 491
392 475
713 429
168 385
562 292
624 117
588 75
540 339
178 726
325 43
753 622
684 614
6 638
139 660
775 718
31 531
494 1
853 241
680 601
25 383
444 217
500 852
582 53
824 750
382 522
494 355
251 567
141 386
416 730
456 535
56 124
536 763
140 305
142 110
770 453
222 312
154 501
145 286
475 230
458 146
406 658
318 421
358 204
33 640
783 272
510 27
310 212
222 90
284 722
382 622
9 504
687 101
624 582
79 320
355 715
122 706
563 88
66 640
543 813
732 110
39 29
422 367
646 312
190 155
121 555
583 506
733 393
92 311
519 530
488 326
399 688
625 657
536 351
612 714
5 447
729 216
590 716
376 765
529 17
208 30
66 833
505 282
532 550
638 720
690 503
653 193
50 461
270 133
275 314
80 375
380 45
162 216
684 181
596 183
524 692
283 187
304 479
288 211
736 103
598 485
455 857
86 415
223 715
681 173
663 639
596 803
725 854
392 534
8 296
455 112
537 289
442 618
334 564
420 616
176 513
62 833
191 616
451 109
841 472
34 763
160 595
716 451
131 2
773 735
850 812
579 845
155 152
302 548
31 48
418 320
496 847
170 378
472 521
822 500
308 748
295 769
614 545
581 312
105 74
413 332
126 714
550 88
627 205
817 293
512 309
821 224
659 253
846 152
208 220
532 484
71 808
522 670
582 769
398 312
782 584
677 648
660 269
202 382
21 469
210 600
810 768
541 250
13 76
223 389
153 428
447 310
526 314
710 760
591 272
241 238
593 548
776 4
408 425
584 364
345 184
365 229
612 525
41 573
189 503
448 100
857 277
89 374
552 463
454 78
375 413
236 274
203 20
629 485
814 137
62 658
598 544
582 430
680 536
806 72
226 94
157 667
857 493
659 748
477 314
27 477
447 29
13 546
622 595
132 571
137 331
854 712
707 421
155 635
589 507
98 172
374 522
694 707
680 265
831 836
227 109
485 211
784 65
487 179
726 414
849 510
679 853
708 729
221 698
790 128
719 849
577 757
506 279
490 6
607 561
688 26
707 349
840 272
472 725
513 564
492 744
570 591
704 367
462 19
139 508
545 336
803 648
644 217
21 328
443 520
279 301
466 650
271 600
39 614
613 487
524 280
525 561
52 723
414 788
521 742
478 742
699 638
306 431
749 857
607 240
247 737
630 505
26 539
749 560
237 273
165 655
498 767
35 239
576 409
202 666
652 473
428 856
513 83
571 747
498 532
688 556
709 681
429 300
360 120
714 241
328 396
515 439
537 403
595 568
851 367
479 412
841 242
508 346
381 196
823 600
563 166
181 349
55 201
579 688
841 44
604 728
735 829
77 632
834 744
127 13
293 416
297 504
51 543
54 45
147 743
133 690
800 203
113 123
129 766
204 150
187 54
577 31
121 318
109 15
75 387
332 306
375 730
817 503
772 573
208 721
400 358
78 174
775 124
816 115
817 721
402 25
24 689
426 326
154 745
731 676
350 327
190 262
299 560
616 290
326 267
19 772
95 90
542 74
243 242
207 429
393 783
251 114
472 442
616 529
855 440
641 560
681 558
97 311
831 179
501 828
708 369
377 236
142 684
652 634
309 799
550 824
256 319
497 538
371 1
461 458
742 16
46 54
709 286
586 43
762 289
771 247
739 116
231 618
378 448
563 742
841 437
107 809
486 817
416 770
303 31
569 583
589 444
75 148
330 404
794 752
651 402
281 790
566 770
751 152
185 370
847 62
387 417
83 366
506 446
508 91
56 385
846 823
631 729
65 514
709 804
478 149
363 805
825 435
256 269
43 384
668 15
282 427
193 540
238 349
426 127
97 120
637 575
170 683
317 285
742 550
657 608
707 624
852 367
99 34
658 330
785 594
822 196
759 747
265 668
288 235
255 792
614 316
111 292
594 552
370 298
579 613
740 714
238 248
724 285
635 775
51 771
238 471
807 546
811 464
480 539
691 832
404 58
425 514
213 168
529 735
363 247
372 4
582 612
159 469
87 816
92 606
664 241
849 512
846 594
479 111
856 585
305 771
716 74
310 286
519 226
778 613
672 224
621 67
273 544
63 313
821 605
775 389
106 308
495 397
150 247
339 15
637 436
592 32
854 703
410 844
472 77
3 218
289 812
697 82
844 825
352 530
701 640
84 646
72 689
549 476
736 317
611 261
848 518
647 398
415 304
710 47
552 153
559 446
429 602
13 294
368 751
38 310
574 324
363 372
280 94
534 123
573 479
612 209
116 30
691 815
799 141
21 13
574 422
535 642
296 265
430 340
603 290
210 578
10 551
465 157
581 172
637 95
450 363
692 389
384 336
422 150
713 205
752 459
347 270
846 729
413 844
658 51
53 80
825 482
243 11
337 645
650 806
86 24
293 775
169 407
460 658
372 476
69 374
416 446
132 554
813 631
742 488
690 856
267 34
325 594
161 657
788 843
382 854
54 275
37 692
29 410
322 388
215 217
698 245
556 172
659 182
828 459
176 674
512 780
608 234
330 26
394 133
505 587
511 659
140 158
340 627
215 353
660 15
611 837
213 545
16 35
171 833
667 836
636 13
589 811
771 401
792 349
703 754
636 124
653 314
530 305
205 853
416 550
553 592
695 821
848 729
836 288
328 66
573 675
465 479
47 604
49 341
12 95
363 731
681 280
421 541
576 401
463 701
727 225
340 101
46 633
59 122
8 525
353 665
332 290
503 317
404 166
179 8
553 206
819 834
366 227
497 848
719 677
98 59
766 399
343 330
470 310
114 219
26 191
281 173
122 292
171 644
698 354
170 293
61 391
744 141
178 541
644 666
395 225
831 792
771 748
22 856
228 690
340 107
402 732
282 627
82 628
854 821
749 642
491 158
481 132
13 277
214 178
175 93
123 843
236 29
599 159
819 38
110 722
74 467
10 500
83 150
162 196
334 592
781 47
749 635
225 39
152 321
230 304
231 275
348 391
650 604
249 651
784 138
354 695
815 349
302 384
471 312
790 222
765 233
418 673
219 205
333 648
137 101
32 413
641 544
656 839
821 147
53 756
761 261
707 650
212 670
377 12
837 590
235 535
380 47
586 718
313 98
533 704
771 87
353 433
409 749
301 839
394 123
289 330
670 256
329 758
441 736
833 620
346 74
730 329
787 335
8 785
478 388
215 158
459 159
411 135
35 166
751 169
222 199
369 561
837 485
255 5
81 504
798 638
384 565
254 685
721 168
337 220
413 330
15 639
143 97
805 814
162 112
591 98
758 12
119 424
531 642
472 216
452 473
788 742
531 215
405 146
722 820
801 451
490 401
5 691
821 561
471 6
303 780
795 154
544 800
636 75
411 149
158 643
227 733
129 56
385 537
375 669
854 208
782 678
770 246
294 827
462 471
835 741
127 850
292 296
610 831
644 594
167 774
205 76
395 545
431 296
826 649
386 87
297 400
334 122
448 713
588 502
309 243
673 557
213 765
312 56
461 659
45 521
421 849
741 487
337 286
122 834
566 242
200 18
94 723
372 304
709 159
571 82
774 320
649 778
445 439
230 504
231 458
395 149
272 685
681 249
274 321
337 390
658 676
326 117
722 649
372 581
319 94
429 319
587 269
18 439
20 153
63 69
853 765
181 479
426 35
562 97
654 625
821 533
679 603
517 268
734 712
523 93
118 83
266 462
86 711
144 852
71 299
532 847
847 698
806 607
39 659
690 671
641 18
697 109
328 819
348 97
848 15
65 672
486 654
36 841
392 7
147 326
757 726
160 112
653 433
613 739
601 560
230 274
466 643
783 756
296 255
298 444
780 240
501 170
332 715
469 460
515 708
367 123
63 146
711 806
167 613
205 253
798 551
450 238
169 532
743 685
417 275
91 734
776 613
137 71
89 305
751 377
457 840
689 706
854 39
468 742
827 3
336 107
548 175
455 441
349 716
851 374
94 577
773 170
540 683
100 242
157 767
230 415
85 61
37 58
664 130
169 498
426 768
17 371
716 622
752 495
112 339
80 428
316 325
801 823
255 261
628 670
386 842
598 645
505 66
158 473
586 182
38 750
147 607
618 369
49 669
710 799
291 511
2 269
593 585
33 532
770 733
127 61
685 100
265 383
601 524
545 815
571 230
384 670
810 349
406 256
583 64
824 615
674 384
327 443
165 428
383 816
210 93
448 165
249 641
87 44
369 741
138 743
268 570
414 482
571 614
704 690
19 344
176 750
250 38
379 67
807 462
727 675
527 426
627 99
422 699
762 627
445 165
670 422
396 180
319 55
71 833
245 3
211 706
251 804
823 492
598 632
802 850
399 789
737 399
7 255
106 253
827 378
642 224
437 95
632 822
283 188
836 267
40 354
732 562
347 334
276 405
815 671
89 494
352 520
503 240
807 333
111 511
575 603
28 398
676 482
88 708
769 318
406 119
382 150
38 441
796 570
321 767
450 411
718 639
384 634
421 555
322 138
92 398
348 763
554 591
457 85
745 349
356 55
566 715
752 405
328 592
370 14
602 218
370 720
467 640
656 728
62 532
173 68
712 778
549 110
144 342
536 45
686 214
708 350
130 95
663 107
793 248
191 204
112 46
76 631
42 547
300 802
745 96
153 548
140 329
627 68
393 383
531 500
553 108
516 352
81 489
729 435
126 317
790 242
413 677
286 589
230 533
289 616
549 474
550 472
695 730
627 77
223 90
283 371
27 231
105 831
362 768
91 777
823 632
644 715
418 108
792 649
315 833
797 530
856 508
470 431
640 715
743 60
449 573
714 841
775 769
100 783
853 215
191 464
394 377
380 66
643 521
678 375
666 359
287 253
159 712
644 101
338 199
234 321
345 143
456 390
446 399
410 820
432 415
624 387
384 338
614 128
242 400
466 178
15 368
113 133
114 13
213 807
641 495
94 618
669 100
200 653
183 401
487 368
474 106
238 387
791 550
187 156
650 218
686 780
570 128
826 374
351 305
208 65
302 117
838 791
680 752
183 377
4 202
335 546
413 319
825 748
737 456
243 131
613 768
581 156
455 640
124 584
153 803
524 647
230 164
835 336
627 327
255 838
173 550
323 540
379 491
126 542
556 131
575 523
135 256
469 444
199 152
703 280
743 490
545 170
680 623
275 575
77 375
474 579
547 107
583 274
128 614
59 158
166 726
116 719
747 592
342 578
717 18
846 537
853 115
258 836
237 637
701 288
685 113
306 373
588 265
666 568
632 573
586 140
422 88
712 143
144 177
313 511
115 4
685 676
651 796
102 53
713 144
458 730
244 644
634 626
450 723
731 411
133 696
315 717
106 564
604 570
536 341
611 600
667 407
578 413
139 393
446 341
145 385
66 367
273 485
535 5
611 428
343 353
376 432
374 719
547 459
837 312
386 763
455 240
572 699
463 399
70 359
627 157
132 164
16 756
309 17
647 457
388 477
209 229
854 834
709 48
565 315
823 93
147 219
94 253
811 192
335 615
68 405
322 504
14 535
347 480
590 348
464 255
212 479
587 61
811 494
355 58
580 84
467 139
732 645
186 727
768 229
273 569
285 765
498 442
199 221
538 15
169 493
211 349
518 153
645 623
650 97
101 310
786 609
515 632
148 217
137 3
657 354
783 363
397 28
52 323
183 417
511 708
611 628
667 115
7 441
635 240
709 47
655 103
490 282
138 657
273 555
721 181
371 588
229 475
809 416
325 33
141 16
93 98
504 258
378 847
490 261
286 138
1 423
789 241
386 654
295 328
225 500
821 566
36 111
274 142
800 842
49 492
803 199
491 76
300 187
190 558
714 510
560 847
411 73
200 78
794 797
781 272
657 770
33 229
536 641
763 317
478 519
683 610
489 238
586 196
191 22
503 335
160 670
293 578
115 264
636 720
786 14
805 845
241 226
44 62
610 752
425 372
240 38
28 380
12 230
237 446
187 798
21 695
825 356
574 724
633 281
337 180
295 808
25 682
213 277
854 857
721 290
423 403
602 656
90 774
145 516
359 623
68 132
472 175
803 623
804 106
590 839
155 83
291 70
590 35
779 806
779 313
289 633
197 144
327 556
21 162
222 168
708 694
803 112
745 254
253 657
688 468
672 547
153 575
216 356
144 128
665 258