1000 5015
518 489
30 577
416 288
986 827
400 426
473 228
792 286
116 513
665 120
352 280
79 991
444 360
581 948
818 422
430 175
9 796
624 783
108 496
346 359
588 938
755 308
441 137
222 973
92 894
172 239
119 165
637 509
262 440
33 154
604 234
100 552
475 499
402 638
498 509
23 735
228 665
852 307
583 683
693 300
659 961
493 897
920 72
39 832
741 16
687 52
396 217
919 986
798 609
788 861
399 619
517 911
75 948
188 320
964 777
444 359
474 578
999 617
11 83
502 469
657 402
549 132
680 760
609 983
646 875
132 306
261 972
146 241
745 617
926 566
194 23
175 614
696 973
604 558
772 191
131 644
26 844
151 18
993 617
136 878
599 381
290 412
840 258
859 622
252 368
641 645
52 808
222 328
740 108
149 419
177 334
373 676
65 147
894 940
425 508
92 346
491 345
860 441
169 538
576 246
761 976
713 177
318 747
670 611
713 113
196 68
17 417
276 78
382 363
287 772
318 339
245 713
719 441
236 26
542 787
282 496
212 527
923 562
123 303
108 117
823 339
398 977
884 216
131 54
370 162
649 949
118 623
670 328
982 110
451 360
423 60
380 15
436 833
33 361
759 120
482 389
100 811
29 497
712 280
231 105
507 827
626 697
625 970
722 744
442 419
226 596
618 562
617 415
50 156
654 789
743 240
55 173
607 384
437 389
498 749
66 118
543 487
131 824
784 478
287 110
34 734
91 44
70 520
293 824
148 29
242 95
573 844
408 856
373 427
729 643
380 601
758 412
46 770
319 949
425 212
24 541
382 903
301 260
339 945
411 460
815 435
804 976
91 202
571 17
700 513
955 190
996 603
830 132
7 827
210 139
691 907
910 683
696 883
549 537
491 484
500 188
239 569
281 369
295 763
188 741
501 584
372 286
878 202
712 659
235 881
236 595
34 729
736 708
470 808
184 54
937 83
630 224
297 204
7 803
219 142
692 963
294 404
15 308
766 47
91 537
883 772
312 858
900 187
793 474
989 446
689 22
411 555
727 97
547 176
289 640
660 46
400 551
149 697
900 647
371 627
43 378
450 437
251 921
92 968
350 794
385 262
958 158
961 362
242 387
463 398
229 962
674 388
322 529
340 880
343 19
733 60
847 581
75 875
600 770
978 968
305 206
209 117
599 238
532 593
553 163
303 413
52 553
649 812
446 932
413 158
276 841
920 939
278 574
745 812
998 19
450 198
710 952
839 431
588 109
160 973
292 79
323 550
576 210
667 326
847 415
43 544
53 962
17 988
845 714
85 908
345 857
921 727
152 62
371 946
504 935
800 212
977 771
794 546
239 701
498 988
597 432
407 620
450 174
767 641
491 240
328 686
883 786
682 94
721 614
196 355
941 89
740 216
907 668
67 203
747 278
271 684
879 765
474 203
365 285
477 174
44 970
152 331
461 511
816 243
138 802
530 608
637 494
642 344
142 204
573 308
521 355
8 266
528 370
672 422
963 786
179 291
508 224
988 826
58 973
899 241
989 986
613 524
428 510
795 32
680 56
407 221
945 684
478 364
90 663
930 552
548 975
96 164
987 926
330 748
365 720
709 973
68 789
794 293
116 540
465 982
636 867
943 274
855 614
490 982
253 90
254 344
140 822
58 559
771 559
294 329
791 133
230 114
540 395
924 445
381 526
926 329
712 544
90 933
911 234
92 981
73 701
368 827
476 564
755 492
115 22
152 12
922 71
979 364
851 394
147 789
886 721
985 375
859 544
981 592
206 185
245 98
751 299
216 291
966 663
791 827
76 298
193 367
741 40
283 762
85 15
88 797
508 272
456 833
301 259
202 947
527 774
25 717
825 987
357 602
872 132
432 180
88 449
677 602
360 541
409 663
916 238
681 364
461 748
724 214
222 380
48 518
780 941
575 542
851 991
745 891
452 334
492 659
988 776
151 35
467 928
646 962
884 329
776 370
209 183
796 877
743 545
411 962
598 874
875 236
130 165
289 564
823 51
536 925
793 529
242 450
389 460
134 358
691 315
67 190
747 832
17 917
896 331
551 645
660 969
92 174
55 43
646 236
259 276
222 310
853 19
323 591
379 97
159 296
988 299
988 594
420 677
332 972
847 96
331 771
463 828
853 177
876 957
970 893
537 310
833 309
542 335
662 120
725 361
87 203
716 980
660 97
737 772
93 875
956 565
774 468
798 42
668 225
923 363
67 797
919 655
720 203
331 177
741 837
266 472
82 984
413 682
432 162
451 94
804 13
144 153
881 472
898 387
610 364
352 543
521 159
677 710
784 412
104 207
339 307
235 615
986 750
379 750
75 510
437 763
114 344
132 296
495 14
373 765
475 771
321 82
710 866
35 860
414 709
733 590
56 705
293 412
900 705
277 109
8 719
188 536
50 663
374 217
504 168
764 337
947 358
70 710
699 140
993 484
132 336
190 765
794 680
245 415
601 577
926 421
213 267
711 75
470 993
453 765
628 795
403 914
483 931
652 64
377 530
690 984
659 932
797 519
271 220
384 326
165 948
903 337
687 740
724 850
302 905
853 946
527 916
325 190
919 804
680 963
795 121
992 26
556 379
791 83
494 947
9 235
283 710
871 761
12 786
179 34
977 243
606 415
751 594
312 76
295 811
629 972
244 708
578 315
170 828
248 180
211 40
89 419
88 477
839 602
400 809
969 486
19 506
934 682
892 655
833 367
687 636
245 836
794 158
800 261
36 11
859 517
207 520
454 442
612 843
4 928
191 98
8 419
264 13
600 109
653 355
910 595
103 763
108 364
532 510
401 148
628 512
4 762
500 60
836 639
188 558
501 752
925 729
528 211
436 32
652 762
161 628
542 331
534 345
28 494
646 647
470 333
207 898
813 291
371 560
984 885
63 430
871 493
502 143
380 885
890 183
669 61
378 158
664 162
406 924
188 967
116 334
809 995
245 845
691 53
480 562
414 218
853 217
2 927
879 442
757 375
667 44
578 468
134 213
65 143
266 719
156 98
999 286
547 233
408 719
825 527
340 441
717 959
790 705
439 722
319 37
318 385
691 937
800 506
659 656
197 945
400 451
199 973
308 769
717 197
630 686
495 60
977 341
888 291
5 879
670 197
52 526
757 916
152 125
351 935
532 186
889 754
910 946
12 729
979 882
987 13
255 524
388 117
365 519
495 680
848 154
4 483
456 806
979 375
615 118
194 654
216 121
853 845
379 317
198 484
74 182
773 299
59 984
122 979
775 333
940 54
230 286
483 329
370 204
921 62
956 140
722 596
650 850
63 769
174 764
86 472
731 302
92 458
384 435
793 975
148 1
719 159
848 599
635 647
686 954
525 498
58 218
208 238
480 56
864 386
989 592
996 647
250 701
870 615
581 464
208 438
311 335
338 459
126 802
879 799
418 394
368 545
809 322
167 766
477 119
704 490
595 566
403 775
707 16
418 177
276 256
252 600
219 492
322 295
316 60
578 730
406 172
335 565
212 513
672 562
142 730
389 877
313 101
851 58
274 882
294 684
651 460
921 72
707 334
194 986
727 228
490 132
19 647
39 301
300 566
727 380
955 240
12 273
656 954
142 739
126 510
825 546
201 472
878 192
152 990
297 765
986 211
586 48
823 1000
606 520
130 705
437 963
423 478
99 297
151 352
579 550
610 24
86 636
731 47
855 685
542 933
288 834
329 359
790 931
365 705
810 566
41 526
297 193
201 840
635 661
407 587
377 568
941 355
123 44
485 653
785 639
806 598
474 520
506 638
619 959
150 299
6 492
227 90
155 489
340 165
966 4
626 694
165 144
807 801
481 784
960 760
480 845
942 568
467 869
172 893
958 922
430 634
490 468
255 962
100 738
876 972
295 765
955 732
371 363
481 308
813 203
745 602
833 748
416 729
711 808
330 614
384 973
590 504
994 705
276 512
351 460
668 258
337 472
11 204
637 717
672 959
964 661
966 890
571 163
312 852
848 305
131 79
116 76
429 643
328 803
319 563
711 678
195 993
695 948
443 232
899 434
444 218
740 23
123 152
126 678
271 699
91 890
179 158
420 486
495 930
900 552
363 208
887 349
466 532
122 46
283 23
398 111
308 550
384 415
894 838
362 387
403 597
423 1000
317 731
429 822
216 787
86 162
4 547
179 742
473 95
110 243
475 335
555 290
205 783
903 722
407 771
728 419
124 253
430 96
694 294
255 867
346 13
434 441
24 927
915 609
872 461
636 875
487 422
234 710
895 182
864 140
899 456
294 180
502 208
297 171
261 506
100 568
858 422
711 294
697 769
822 366
350 416
940 891
151 49
10 935
63 179
210 421
636 376
817 862
123 51
216 335
896 908
490 303
622 524
600 15
242 585
310 326
211 991
561 507
6 768
456 984
817 962
987 890
577 299
571 46
644 168
363 140
721 64
922 963
150 976
401 762
953 591
266 455
175 102
124 97
666 992
474 263
57 200
21 434
50 805
212 198
778 223
616 835
691 521
284 497
170 275
788 607
843 137
517 562
899 139
221 192
171 506
2 857
564 627
800 324
530 264
64 940
678 912
437 83
594 672
352 347
313 971
649 110
580 296
746 48
429 260
286 706
452 187
37 324
660 61
536 67
594 806
872 268
28 394
353 554
190 132
656 40
853 7
375 438
215 132
742 627
881 1000
621 623
700 849
922 209
493 632
350 974
296 769
498 440
445 842
104 163
940 518
303 348
757 685
252 308
34 739
292 408
516 565
957 611
539 137
339 355
661 460
743 994
317 827
284 690
193 824
88 872
162 638
839 858
487 833
532 469
250 307
369 833
646 437
378 876
465 981
427 154
673 265
979 839
548 642
109 308
328 912
933 354
402 289
847 945
166 659
923 96
274 334
597 725
800 719
59 218
766 137
678 361
533 232
790 531
43 155
581 223
740 121
834 569
932 98
727 272
815 901
674 859
235 627
767 234
767 545
471 484
402 118
627 796
919 575
901 80
596 341
542 564
449 718
693 355
567 131
823 736
757 920
292 931
646 534
525 572
207 622
351 629
887 583
301 289
123 439
892 831
396 577
327 378
950 854
990 771
938 301
169 35
408 602
170 857
717 869
997 270
68 89
916 811
688 933
365 245
71 960
183 518
292 641
447 545
560 620
136 206
154 686
853 506
343 860
54 858
805 946
439 148
365 22
44 735
795 49
577 304
616 967
230 758
822 78
196 546
285 932
841 569
398 253
570 530
990 204
630 985
842 631
979 164
465 846
917 42
900 22
18 411
848 948
5 769
46 518
284 422
251 630
50 170
215 734
127 285
368 810
111 994
572 592
259 608
794 29
672 308
941 357
637 79
33 997
323 18
345 763
52 614
73 484
68 665
921 547
743 775
875 802
150 661
320 828
9 621
14 734
35 32
58 598
714 574
3 542
666 194
960 689
219 832
246 402
999 191
156 635
892 384
604 410
658 917
606 999
146 244
475 214
759 830
652 251
230 902
316 633
30 329
134 742
473 935
385 371
793 366
650 916
906 634
135 860
500 562
800 835
186 739
980 28
548 11
913 89
111 685
510 591
350 736
539 558
635 965
601 80
51 376
179 431
197 655
218 459
325 120
368 468
573 569
630 65
409 247
244 497
392 730
449 799
249 541
529 232
413 423
624 741
841 865
914 89
551 193
917 60
151 497
313 678
862 401
578 289
322 868
145 458
673 83
529 310
231 927
780 515
864 264
38 879
76 54
900 427
958 539
150 564
651 426
134 402
696 631
85 192
909 419
621 270
429 600
169 619
398 920
330 697
275 357
439 308
3 946
766 125
100 771
229 609
88 843
868 821
508 454
474 15
133 238
882 845
573 135
228 953
101 828
425 751
852 66
247 278
560 644
259 795
958 195
146 285
245 799
59 805
761 930
207 499
687 965
47 559
432 268
397 620
879 53
573 280
292 232
440 241
792 326
352 83
760 336
833 366
651 118
319 204
353 266
414 208
696 471
864 341
771 858
403 161
813 459
906 8
138 325
682 873
196 467
586 394
967 172
914 389
429 11
427 445
829 246
99 703
82 486
777 565
788 236
814 783
748 831
876 764
273 526
199 983
60 485
277 85
867 121
904 973
971 992
247 971
892 87
958 147
804 622
491 515
477 834
259 19
353 348
207 361
887 172
463 334
726 878
907 908
838 325
269 427
235 946
715 394
681 705
900 211
39 257
561 302
481 496
463 597
410 60
838 515
984 526
575 696
126 458
327 880
532 390
386 1000
402 223
59 962
673 927
777 505
389 40
377 381
853 820
268 756
656 997
710 260
788 373
537 760
720 168
131 180
28 972
8 831
761 487
371 568
55 748
925 113
886 810
303 423
712 476
696 374
182 769
214 545
864 759
332 1000
648 505
631 307
428 765
202 952
909 462
780 423
586 301
567 861
825 268
679 153
285 8
207 680
407 993
853 273
495 203
778 738
277 895
226 757
913 462
809 768
576 250
903 954
207 601
334 83
919 8
597 796
581 359
376 837
249 569
417 261
36 663
571 433
952 685
98 545
813 841
491 477
726 830
585 698
417 51
289 374
678 744
436 195
554 298
989 574
785 935
408 837
427 786
542 267
48 438
123 17
713 268
969 676
814 708
690 566
312 267
179 565
646 591
385 449
297 359
71 515
127 206
909 378
92 887
709 383
550 799
661 744
918 787
575 155
940 959
945 764
245 517
27 96
675 58
812 376
345 374
18 897
864 225
661 857
403 402
409 690
504 902
546 309
162 946
231 952
878 762
360 442
716 997
417 442
751 908
167 991
314 369
759 897
407 589
801 148
178 74
259 998
188 229
852 970
570 603
537 484
91 253
539 79
188 23
462 103
181 180
270 754
764 118
637 214
69 697
269 295
495 554
474 689
452 162
920 267
848 792
298 611
152 362
557 832
687 881
560 705
447 326
639 989
48 831
52 195
400 297
210 254
364 455
330 934
420 497
414 689
120 344
138 91
755 382
750 175
812 506
587 719
825 771
827 739
493 555
738 455
576 406
945 854
815 471
708 72
382 183
641 891
342 783
549 493
398 582
848 185
161 867
890 842
814 771
799 963
516 816
289 756
305 345
879 812
918 435
914 941
883 681
862 527
149 693
994 480
633 914
316 330
76 844
122 547
194 244
86 974
855 289
253 44
939 545
883 995
681 991
280 683
333 671
481 254
77 854
853 467
393 218
766 250
915 61
862 724
907 117
486 137
78 653
219 531
651 599
980 828
500 256
382 253
90 689
793 565
587 356
660 751
917 999
185 22
4 574
637 701
193 972
287 128
53 891
320 489
571 19
438 933
113 351
538 287
169 221
651 527
669 173
64 607
528 916
781 510
489 94
838 186
564 941
366 433
21 695
630 375
179 475
425 591
136 353
669 649
746 813
372 488
255 603
75 884
989 973
332 464
704 297
639 200
652 951
361 617
212 654
709 72
430 502
931 118
750 337
161 771
680 781
871 759
573 94
712 69
967 483
317 307
23 552
851 718
869 358
712 264
676 345
896 599
915 877
950 843
322 419
111 270
371 661
973 554
479 685
820 422
715 496
543 669
985 830
965 933
694 214
490 455
588 314
855 959
755 625
636 415
846 13
521 375
269 907
652 177
214 774
88 66
289 299
933 962
27 546
937 972
681 647
650 207
436 298
888 445
973 824
542 149
282 1000
249 82
230 28
657 512
320 569
969 156
915 440
493 273
331 1
169 190
813 584
872 422
546 965
342 899
145 264
680 472
148 665
612 643
367 976
922 408
129 925
832 563
119 701
781 805
709 280
838 798
508 719
288 752
860 193
936 188
717 734
385 285
612 447
169 119
979 459
942 118
928 673
853 537
210 120
450 998
173 94
549 304
75 479
293 364
440 176
28 857
277 221
667 102
426 306
579 863
192 459
321 115
123 638
767 884
624 462
859 306
166 69
539 509
406 843
346 310
525 205
945 924
853 891
964 786
313 111
221 789
539 807
560 736
461 946
64 511
97 349
452 494
177 176
925 843
413 378
886 801
783 730
275 447
532 907
919 383
833 844
745 565
290 582
475 885
748 550
305 84
287 497
345 538
109 935
274 841
350 862
575 387
346 410
268 538
190 999
248 106
471 303
395 912
111 460
930 550
825 913
632 512
130 479
21 225
850 708
427 157
122 136
604 461
450 643
126 880
436 552
588 925
89 574
610 933
122 514
245 315
867 952
546 439
671 701
229 874
782 464
450 73
658 111
604 618
145 64
570 822
681 828
60 309
577 69
814 410
227 787
252 135
856 80
894 999
77 422
682 191
517 329
132 583
940 174
691 629
688 612
707 256
85 609
581 684
471 737
161 177
397 304
470 366
190 563
516 375
773 474
668 544
499 32
852 47
346 130
998 591
230 144
456 835
738 334
491 708
132 808
59 792
170 176
743 760
708 944
221 26
470 978
681 159
402 991
313 328
39 989
760 309
561 260
281 439
881 722
377 432
929 355
549 581
234 497
388 932
401 285
470 390
77 474
443 813
760 857
743 787
191 701
856 717
288 135
875 238
124 448
44 260
325 193
896 3
418 942
436 305
257 20
403 680
342 755
405 148
836 852
209 649
82 336
587 508
932 206
660 971
492 120
55 899
21 100
775 624
942 996
381 299
466 424
197 40
630 808
346 303
236 706
350 928
87 879
861 689
9 72
673 910
393 233
213 803
586 661
982 787
773 216
77 467
847 676
84 185
923 689
327 949
63 362
953 304
231 846
752 421
571 558
971 133
148 258
721 11
815 705
276 837
321 563
50 211
361 49
126 869
788 338
92 167
432 893
818 791
646 656
386 241
240 250
978 192
615 309
263 224
429 45
903 221
228 367
31 324
586 112
969 72
971 777
951 424
112 34
275 750
936 724
78 225
978 262
172 747
411 805
641 766
696 939
257 514
516 22
357 441
558 101
12 818
7 876
28 42
943 254
529 94
488 106
70 693
950 574
969 170
399 523
951 189
913 803
105 11
918 456
919 97
5 993
428 598
550 647
755 998
295 812
649 328
407 674
998 190
377 474
674 193
604 36
210 337
38 967
77 201
490 459
411 831
632 202
189 496
872 772
779 752
119 115
540 684
507 366
969 655
145 512
203 617
169 681
313 903
477 447
9 971
84 393
410 484
86 806
767 451
342 833
887 953
419 334
346 96
385 162
556 527
741 74
887 511
137 468
670 78
463 553
930 171
92 480
167 558
328 511
201 119
535 643
231 949
633 545
481 284
82 968
191 254
923 429
179 520
606 300
382 1
516 60
767 717
21 480
184 366
408 294
311 469
780 6
68 368
605 55
423 802
534 678
521 946
795 937
995 868
262 336
746 546
157 550
671 267
809 483
825 516
580 42
809 789
661 732
258 683
517 640
136 457
129 547
155 40
557 459
253 14
553 837
263 744
860 908
667 887
888 211
707 460
636 510
393 180
616 574
123 728
621 185
965 389
969 99
826 578
127 475
461 647
226 195
743 991
9 575
836 981
230 76
161 254
396 835
323 659
861 422
938 344
112 619
793 587
544 326
403 787
704 367
800 109
467 529
263 952
947 206
352 850
716 786
535 544
627 515
849 812
403 717
850 511
578 69
727 839
571 839
514 611
144 939
251 211
471 810
112 388
993 944
886 730
170 723
116 766
288 121
639 461
894 272
470 172
570 999
449 870
348 103
892 504
612 545
722 933
631 306
637 653
707 322
28 324
543 1000
340 86
106 49
987 917
768 462
414 676
988 764
865 846
38 224
975 427
760 643
687 765
687 40
525 189
907 334
853 843
547 144
88 978
586 445
384 769
242 640
36 123
79 621
282 572
263 172
980 578
391 582
438 374
340 993
869 631
913 820
533 515
255 364
953 109
420 823
700 20
662 344
202 393
336 153
135 502
249 791
564 337
529 273
213 856
213 659
513 34
343 115
936 866
312 519
888 998
408 315
687 533
834 43
838 995
187 348
491 758
71 874
587 4
607 369
280 885
961 799
700 437
286 762
309 827
606 628
555 329
791 110
405 264
209 113
687 875
887 526
25 601
265 734
124 699
693 203
513 893
953 776
199 957
532 945
169 808
750 192
630 355
371 415
962 563
524 270
48 479
590 316
285 286
239 366
742 534
533 40
384 396
809 42
750 545
6 535
399 970
869 192
156 647
929 862
884 559
716 629
662 665
720 368
648 375
353 215
761 210
245 33
869 748
525 773
434 944
454 866
733 674
398 228
495 414
936 438
298 957
282 562
546 811
984 233
655 795
271 695
510 419
187 745
297 182
540 22
340 798
29 865
451 905
585 254
451 19
345 564
146 575
237 73
510 121
202 835
386 337
150 190
317 337
147 801
136 468
724 764
586 784
72 299
913 967
169 185
352 689
668 719
7 959
449 860
467 557
781 62
378 208
50 597
605 879
474 844
127 10
127 577
269 694
666 917
757 143
996 518
543 83
371 333
571 282
179 14
986 898
35 432
842 412
645 203
637 609
245 241
150 523
284 721
27 66
427 345
394 653
432 295
379 32
675 566
936 855
712 226
206 786
669 394
201 593
502 942
929 293
340 551
416 464
640 741
352 983
960 457
773 514
740 446
649 524
350 983
194 656
232 24
847 208
157 395
292 529
259 907
921 396
761 999
667 176
886 292
462 602
502 647
229 885
348 873
68 120
288 318
414 985
451 821
311 935
259 328
540 703
722 566
816 106
437 66
43 954
680 101
588 147
382 344
699 368
771 799
375 931
287 621
348 787
100 885
261 101
660 710
515 258
511 701
495 727
413 113
953 774
707 554
402 82
481 835
177 511
451 976
587 474
915 697
219 267
856 348
385 234
958 761
371 1
208 621
63 991
209 708
814 90
138 831
529 357
795 315
531 828
135 410
954 701
525 67
834 554
658 354
725 41
711 880
511 948
693 80
287 89
696 289
394 193
951 486
85 979
352 727
179 727
498 928
525 427
409 574
283 379
853 896
31 68
761 678
942 78
474 739
25 693
863 986
314 72
758 82
871 53
321 423
79 760
267 569
732 102
491 141
148 256
892 556
434 97
67 671
543 78
230 298
88 581
269 870
309 905
680 19
208 446
61 304
710 920
373 935
853 536
126 848
451 440
677 191
915 924
715 523
420 531
826 634
493 526
384 197
557 762
304 459
689 383
466 560
913 985
215 538
219 319
203 559
437 524
830 566
520 837
922 274
707 111
249 971
907 804
450 220
195 982
70 742
677 326
738 344
109 132
199 249
679 312
773 376
612 278
371 15
740 887
669 183
762 267
563 355
504 247
340 168
285 142
835 103
876 828
715 108
45 388
865 916
421 489
405 431
99 332
279 307
64 100
232 438
669 734
142 615
658 132
751 161
788 413
330 494
901 565
648 843
434 410
561 816
67 406
141 566
879 662
24 364
408 155
941 79
466 292
776 13
567 924
606 447
642 876
950 861
111 873
572 749
973 137
187 386
940 905
745 684
175 118
493 730
314 625
930 777
966 676
570 823
475 114
77 805
975 74
886 206
444 85
888 552
213 485
530 489
461 777
172 577
861 900
328 880
475 995
330 489
955 445
794 440
317 391
543 594
504 807
175 643
807 690
920 739
127 79
290 961
572 200
820 949
595 204
733 169
491 26
70 240
247 678
323 324
197 413
884 366
45 349
680 121
736 118
809 832
535 608
96 730
522 615
862 574
360 286
13 315
605 758
53 228
951 341
46 205
883 118
575 35
631 902
373 946
320 34
670 710
731 353
399 34
240 260
899 224
186 192
199 516
100 685
992 57
711 741
765 514
287 375
363 462
558 419
823 763
590 809
664 96
613 3
923 730
247 261
138 644
34 808
481 837
775 62
250 653
704 829
371 742
319 322
488 838
450 517
142 770
753 273
588 995
590 971
534 852
495 982
940 14
407 81
227 105
122 960
407 913
620 857
50 349
125 128
365 734
163 959
660 190
423 706
122 506
432 565
356 830
903 671
749 705
593 762
36 329
416 863
21 251
477 457
595 218
335 489
556 339
525 240
980 544
856 185
196 698
665 454
966 535
632 527
881 332
214 326
576 885
21 108
151 329
62 294
227 58
446 577
50 278
486 935
105 961
417 684
695 252
840 645
989 479
477 885
648 479
25 423
596 509
813 837
636 775
636 526
633 172
52 453
583 701
936 474
379 459
886 921
480 544
47 889
229 614
437 802
231 838
289 14
437 617
313 128
370 422
665 782
923 916
245 550
764 49
670 537
48 824
674 580
630 984
200 121
327 355
73 78
2 102
700 113
871 954
978 802
633 82
590 983
320 723
887 989
284 969
66 948
892 67
50 858
235 791
606 895
130 812
112 948
791 876
773 673
922 749
633 195
615 552
540 808
600 308
122 399
251 759
692 791
894 335
792 183
608 180
699 364
39 198
576 888
720 441
722 324
406 421
870 638
690 208
465 723
879 772
53 844
753 747
76 329
556 374
42 329
600 306
116 141
960 494
118 185
635 1
319 488
449 345
809 366
513 325
567 655
964 136
733 778
130 737
129 417
276 445
956 226
958 202
740 793
615 927
319 377
636 941
779 276
488 187
343 568
767 639
571 854
202 805
131 217
589 869
463 729
707 768
269 201
156 640
709 193
985 345
269 123
821 702
626 976
173 267
807 357
521 580
721 439
923 194
850 290
129 121
213 442
461 759
131 424
951 805
128 614
184 668
97 438
579 107
687 897
673 591
84 957
345 686
207 112
145 794
221 697
339 661
811 2
758 60
978 170
92 41
781 876
835 729
657 233
177 860
894 494
127 307
953 280
312 965
847 522
594 474
649 925
136 893
67 102
603 997
508 954
694 1
219 493
359 828
770 484
277 601
593 808
208 176
443 244
924 203
817 925
951 337
821 386
99 844
952 132
882 431
630 434
361 375
633 577
670 52
281 693
928 125
585 889
111 200
470 67
660 442
453 927
403 390
702 366
353 592
465 683
523 860
679 654
913 321
68 941
363 193
364 158
535 204
280 181
317 325
651 557
606 43
87 447
951 625
626 399
493 313
27 139
650 537
830 598
580 474
980 476
31 951
624 121
473 309
878 265
473 675
348 857
646 741
522 479
861 742
579 89
999 218
6 290
463 979
399 74
536 132
896 105
918 905
405 383
940 81
43 603
318 709
725 11
293 74
693 972
207 737
89 297
624 295
588 821
277 455
104 656
471 792
571 999
724 341
348 57
615 422
853 439
875 291
568 132
342 243
695 334
53 831
864 970
223 898
993 682
443 863
924 620
36 947
87 558
549 894
731 26
418 216
861 296
911 891
989 734
424 299
760 762
27 781
670 171
406 811
892 15
53 623
431 40
342 40
622 789
53 171
219 232
136 813
253 819
938 828
740 171
704 961
124 149
85 378
160 762
624 905
915 634
954 419
499 98
37 920
901 14
498 957
315 744
300 241
652 30
548 146
637 51
584 518
676 916
622 631
833 464
993 309
573 935
3 612
42 200
449 653
211 858
567 535
678 963
773 282
292 27
978 873
261 54
282 912
926 937
449 971
452 671
912 204
126 699
677 265
327 309
584 389
585 253
994 789
830 873
6 266
669 74
617 297
339 846
250 552
904 72
987 228
400 783
303 163
438 203
804 89
46 438
557 661
372 123
390 366
834 487
428 258
891 762
587 229
878 996
38 577
321 391
761 306
921 537
115 334
279 195
135 62
913 499
157 514
339 483
851 158
342 459
841 933
536 81
113 164
792 148
955 608
151 862
136 493
806 701
263 154
466 802
800 367
988 816
111 431
456 351
655 149
116 425
868 22
212 276
542 798
150 555
835 698
453 611
969 716
28 137
617 442
356 172
59 748
564 609
305 756
803 735
969 144
157 857
648 209
352 254
659 662
290 10
580 865
284 787
835 389
929 149
909 524
167 637
516 293
12 393
131 266
975 192
831 591
279 329
320 337
9 413
932 772
10 592
677 315
753 378
627 916
633 445
9 32
428 686
317 849
413 286
694 76
861 959
856 883
330 57
385 465
186 904
325 256
996 364
711 82
689 332
528 121
675 935
964 671
271 273
702 653
498 569
814 332
372 693
780 282
958 590
346 869
858 908
473 282
145 856
240 661
350 560
849 460
263 565
795 383
707 497
698 893
710 421
838 750
360 697
473 395
863 754
516 776
702 739
998 381
30 493
93 156
134 448
417 778
654 545
656 832
343 47
236 427
25 789
55 44
335 336
368 243
978 628
596 315
500 464
651 944
281 811
322 211
587 830
967 225
823 43
36 303
743 100
395 932
768 267
77 976
557 326
700 18
542 593
190 842
690 545
781 40
639 697
696 662
586 925
331 237
201 934
751 559
292 75
862 998
648 537
278 505
282 382
480 787
688 266
961 620
907 37
390 383
964 932
669 581
626 561
199 562
259 476
463 745
134 780
420 177
692 814
395 358
678 232
606 236
402 694
382 374
284 907
539 181
480 526
847 811
561 811
726 16
871 594
163 891
892 693
830 524
548 567
823 751
93 344
756 690
21 844
939 441
371 724
154 460
688 711
465 601
691 296
692 23
451 217
396 1
434 844
99 905
290 831
898 885
982 569
426 537
9 265
687 331
527 264
841 159
557 546
788 303
93 399
679 392
348 486
757 984
405 725
95 983
613 969
134 105
870 786
442 460
156 158
104 215
909 387
851 847
896 595
605 223
401 734
664 559
610 138
55 852
969 377
866 685
4 172
388 57
463 265
311 10
618 992
766 537
707 133
694 415
86 593
813 381
536 478
956 414
856 702
390 476
835 609
229 722
896 294
807 684
571 232
193 441
695 917
368 629
77 264
958 377
27 137
696 584
537 424
503 89
909 641
474 265
235 369
695 144
958 845
599 445
85 197
9 399
172 358
248 591
390 254
449 389
860 278
15 808
575 266
549 288
933 337
807 331
699 153
793 611
21 306
595 94
597 879
372 538
465 200
483 643
740 3
199 835
142 83
987 79
381 799
717 90
661 701
896 414
323 43
277 94
794 296
500 348
800 618
543 738
86 316
821 460
552 762
71 962
414 333
129 75
668 593
817 202
943 592
287 265
246 457
127 273
899 850
93 311
186 395
494 832
479 217
926 331
58 267
504 960
929 916
699 37
605 614
107 903
88 434
92 388
231 42
849 519
350 387
410 419
64 56
580 497
140 786
307 153
17 150
413 512
477 601
921 456
666 198
702 238
923 733
540 185
104 46
780 655
691 262
231 672
345 260
262 754
571 79
371 430
316 200
61 438
47 541
230 471
283 950
325 49
751 334
553 435
122 975
964 556
610 337
152 723
742 370
245 314
482 732
333 28
226 560
585 610
331 948
92 387
619 739
779 54
369 858
793 928
230 306
481 550
639 693
285 729
686 415
670 857
759 328
50 907
568 74
11 1000
586 738
473 138
607 294
503 562
847 792
921 465
573 1000
212 569
951 16
9 808
249 895
467 27
896 326
398 754
398 890
238 192
712 102
648 572
99 109
871 233
85 792
780 968
214 963
324 937
715 11
327 506
19 496
862 852
919 157
461 37
691 623
727 206
712 125
549 629
255 419
755 1
719 496
242 980
724 410
709 175
467 179
123 494
659 455
179 730
882 132
546 953
385 530
919 99
650 757
320 677
615 770
312 110
230 374
16 56
659 308
219 182
454 366
717 609
719 845
704 117
225 972
245 411
27 728
232 854
216 944
731 243
896 647
144 412
145 629
936 307
535 757
368 181
39 447
955 798
751 90
371 864
9 421
281 392
390 574
104 869
858 857
17 232
449 681
219 84
664 530
493 920
610 608
684 685
639 320
151 125
817 632
800 972
327 332
915 643
273 972
473 591
55 396
510 708
719 933
561 15
136 441
886 53
981 431
820 438
896 340
660 437
749 531
158 705
721 705
460 120
26 447
794 872
409 96
263 208
144 44
512 831
587 951
535 185
661 697
567 372
878 332
727 220
376 629
985 344
142 903
732 367
863 347
385 8
458 878
775 895
98 569
635 168
599 603
779 812
174 386
488 901
711 279
36 541
805 233
398 529
820 961
257 118
21 891
657 361
474 725
631 489
195 341
777 786
733 343
255 376
695 975
427 947
862 544
691 392
711 931
431 141
594 633
860 139
915 29
147 464
978 225
628 159
875 965
151 599
145 660
997 441
815 541
286 895
123 587
677 992
380 992
543 363
533 396
610 187
920 394
6 947
590 213
485 299
88 145
571 243
239 682
918 772
996 983
5 986
26 306
318 389
567 678
910 713
673 303
70 815
785 689
436 509
237 203
224 192
595 307
25 836
44 32
338 623
608 893
543 14
798 770
103 120
548 400
215 756
329 368
331 264
369 631
408 833
922 176
65 672
466 6
752 931
981 344
850 14
950 439
127 514
917 960
564 355
586 555
208 168
427 643
372 587
393 970
564 106
650 726
624 693
658 860
853 499
77 297
308 869
257 64
920 256
919 472
152 980
872 537
842 204
528 939
68 6
12 114
503 602
570 694
807 120
720 162
171 243
443 624
117 329
68 556
327 675
393 164
692 264
98 387
816 748
914 203
271 143
266 608
990 102
664 361
188 977
372 118
743 410
688 996
760 433
213 983
894 215
107 854
473 71
737 709
954 837
711 501
385 454
480 415
481 7
409 917
466 158
303 143
969 999
801 762
236 997
660 23
550 786
664 925
557 8
645 144
556 529
228 520
305 509
372 83
580 293
587 634
434 774
625 537
399 82
424 614
904 336
275 762
465 111
691 415
140 431
864 760
243 102
9 339
736 484
241 957
427 302
790 26
249 240
833 671
580 693
707 306
467 697
502 263
33 937
451 358
52 424
930 952
414 37
498 922
790 799
673 672
59 438
187 347
200 41
922 189
515 697
746 516
836 296
501 233
260 200
533 674
500 519
626 273
420 976
572 821
259 927
3 594
996 972
116 233
852 947
463 963
746 12
849 889
951 211
440 40
539 756
187 475
207 866
64 270
7 614
249 774
966 965
161 338
894 988
533 335
113 566
292 822
978 948
495 777
884 357
650 928
688 914
598 824
654 764
470 729
382 402
287 584
532 867
517 619
881 569
153 505
463 97
466 327
709 665
466 733
583 805
567 623
346 458
9 638
123 285
167 744
939 898
940 611
353 514
815 763
118 857
118 218
193 566
31 393
714 935
658 984
606 930
420 507
774 734
840 337
336 315
45 914
63 503
895 885
951 402
679 41
534 739
593 296
943 135
923 14
227 653
988 513
820 532
987 714
252 643
328 730
71 260
327 83
330 203
352 430
668 141
154 496
409 872
383 609
928 34
503 306
106 735
823 69
533 446
628 787
349 734
316 791
923 659
950 336
305 514
340 775
70 215
989 494
202 992
477 772
664 900
922 691
336 306
958 301
589 813
62 827
943 918
896 808
123 827
363 606
70 358
761 680
71 718
864 307
311 413
572 553
648 415
704 300
977 898
190 522
691 684
318 653
748 16
548 117
64 828
91 540
493 864
513 119
853 398
869 74
724 918
448 367
534 564
636 701
902 415
696 656
490 435
814 22
492 24
239 732
166 217
216 689
633 468
409 738
393 677
466 789
530 619
838 176
490 521
933 638
971 391
384 507
862 572
24 455
613 267
921 916
887 747
561 619
348 335
861 94
548 887
878 474
403 965
607 514
681 629
259 656
921 366
280 224
392 933
778 777
781 523
943 524
227 310
856 73
915 351
369 256
741 621
499 78
45 731
523 640
376 334
546 397
584 509
820 454
52 307
586 922
971 559
605 331
790 223
239 846
123 477
99 143
934 410
727 880
266 164
372 618
473 403
674 831
350 971
558 545
958 138
962 217
800 804
768 989
532 347
952 916
766 472
538 14
268 507
371 806
88 869
126 98
161 786
650 279
346 677
330 750
459 974
520 668
5 310
557 777
313 727
691 299
123 445
852 484
436 470
75 62
75 581
314 663
61 564
958 802
560 381
500 254
601 218
964 26
394 974
821 106
969 81
110 885
862 211
662 924
956 780
726 404
906 296
818 877
785 593
548 442
196 501
456 149
382 73
184 208
955 877
354 256
816 347
82 710
524 433
263 415
637 24
782 238
379 264
658 328
531 42
491 563
111 762
240 812
59 480
39 782
210 574
853 736
616 453
285 607
975 294
92 360
418 439
693 566
980 19
167 645
521 286
725 454
616 337
579 615
746 765
122 6
488 645
909 245
675 206
35 645
127 363
978 459
536 439
385 364
236 854
704 153
635 684
55 737
542 168
910 315
114 159
209 702
732 404
398 79
625 697
147 278
292 856
277 902
803 224
59 738
917 643
579 846
890 602
861 292
124 543
785 6
568 754
34 617
146 674
570 535
203 991
332 185
131 619
557 432
493 910
670 81
90 702
191 984
654 480
711 202
135 69
515 497
240 237
274 916
929 148
425 77
815 685
599 777
67 502
679 771
631 168
548 335
89 947
201 41
534 229
696 186
779 449
761 891
409 449
724 211
14 159
195 90
639 437
622 701
382 934
474 399
402 109
791 665
918 568
139 599
337 298
245 673
687 446
950 374
599 296
193 1000
932 972
247 555
575 906
169 708
187 293
442 299
338 464
746 141
817 975
105 506
487 565
454 168
755 797
311 156
77 313
773 812
425 950
562 566
636 469
928 262
145 726
491 107
425 60
118 638
790 545
667 234
251 347
553 970
742 713
699 891
393 238
288 20
896 569
85 118
879 501
862 680
955 6
258 298
166 867
116 10
118 306
444 513
48 367
263 849
780 657
414 441
397 234
702 592
141 56
481 662
722 812
851 326
282 26
283 152
429 356
425 351
841 297
314 764
680 105
532 906
365 508
777 708
540 32
425 626
209 784
627 357
711 951
503 985
749 406
650 655
328 592
312 509
700 410
365 554
461 665
852 865
372 958
131 95
142 883
508 596
818 78
438 582
226 826
612 671
922 204
924 563
37 565
411 983
727 190
814 946
633 96
170 264
680 961
436 385
679 653
793 396
28 438
724 967
670 74
549 854
333 870
251 845
73 774
918 624
940 546
25 880
289 681
300 897
440 455
599 682
466 994
929 410
327 316
909 676
783 341
613 948
199 882
515 927
367 102
260 684
371 300
409 468
919 43
393 837
413 559
488 197
288 924
350 751
205 653
957 638
64 14
482 789
726 79
533 253
677 846
549 25
951 35
787 620
862 464
186 720
437 702
853 291
797 634
523 723
854 885
483 601
892 402
360 611
490 574
549 234
188 211
878 741
200 972
588 762
259 970
645 647
951 210
481 273
318 107
835 722
160 720
122 262
717 944
576 224
184 11
393 583
312 629
230 152
18 412
813 438
134 393
134 978
890 108
604 349
657 932
751 640
38 245
867 338
740 556
597 362
266 705
96 185
235 676
17 302
864 97
184 670
791 69
960 79
941 419
336 877
246 726
674 596
400 449
552 787
385 297
648 103
43 623
64 1000
410 211
183 310
855 644
87 307
766 396
552 621
238 837
275 189
721 842
613 332
327 785
816 34
467 496
504 996
485 217
323 242
522 57
825 852
642 696
495 995
129 861
283 572
683 217
407 799
122 664
268 609
748 78
508 811
676 968
495 981
971 162
403 27
479 689
254 387
75 801
321 358
833 948
749 489
950 106
454 143
183 730
863 682
721 985
59 128
8 803
208 976
279 842
965 931
856 465
853 930
250 541
470 432
551 562
639 719
899 744
755 111
7 180
63 148
482 760
446 783
467 225
505 22
52 475
949 810
87 329
29 591
801 962
209 128
227 737
284 163
912 764
30 616
567 206
950 242
236 830
184 375
497 634
129 503
152 171
575 341
624 959
424 102
448 726
583 974
396 526
199 378
951 273
890 356
755 967
627 954
848 957
888 890
577 708
945 803
360 786
768 996
329 805
401 336
311 973
810 265
761 349
890 981
942 266
209 902
951 391
999 442
761 799
878 423
660 734
58 905
4 160
918 164
64 144
151 384
466 744
430 73
322 814
567 790
456 708
113 168
242 694
426 996
61 968
996 168
100 101
546 392
528 931
488 778
488 479
394 810
294 347
658 918
20 294
276 83
994 386
405 390
244 655
874 265
687 87
124 293
651 721
14 258
382 32
330 625
650 466
811 831
994 117
43 329
743 967
335 874
660 142
348 349
286 298
363 948
659 387
713 996
219 965
878 995
664 43
956 953
702 120
208 748
817 626
84 108
672 789
286 181
587 997
70 75
372 968
535 584
789 893
494 784
749 837
614 963
613 89
909 795
529 375
533 530
237 256
194 631
294 858
409 68
619 1000
637 393
482 163
322 542
678 798
863 278
536 760
521 542
77 669
260 387
782 591
389 764
176 984
107 173
27 795
508 565
255 550
146 22
755 243
3 118
756 344
886 972
9 351
245 610
853 253
960 912
749 618
285 967
597 838
567 49
713 555
878 239
805 181
882 671
205 308
820 637
980 928
725 435
29 710
528 358
251 602
604 94
659 358
454 550
4 931
743 979
386 843
667 486
850 954
815 619
263 752
50 873
801 935
655 552
74 541
93 351
880 51
967 858
993 159
556 693
309 782
958 97
407 485
318 335
691 678
471 275
178 559
268 506
435 946
241 831
666 872
826 270
407 346
834 824
800 585
88 768
27 328
982 80
533 392
554 638
453 57
854 954
853 674
890 924
819 366
712 404
382 299
788 999
24 703
437 976
115 973
630 331
365 274
151 198
282 678
391 873
641 118
745 643
625 668
536 348
516 914
350 873
39 909
775 690
85 413
302 524
178 550
175 744
481 885
987 101
709 395
737 171
632 939
798 32
616 238
755 494
907 356
509 233
251 814
565 315
529 750
416 782
36 996
571 44
859 202
646 3
701 566
463 487
503 76
50 136
33 192
89 598
860 563
536 290
937 634
572 690
645 735
8 973
444 75
372 408
817 231
274 676
236 515
303 341
414 157
696 412
163 72
213 33
490 62
76 113
4 982
400 261
445 164
998 784
711 329
126 396
540 108
625 870
917 465
699 942
439 369
115 295
225 827
482 980
853 136
447 273
671 460
323 338
452 748
823 513
494 137
205 479
498 641
172 40
321 341
925 668
160 672
838 168
641 471
129 304
147 81
807 600
927 874
716 774
138 344
688 86
929 348
286 510
986 359
268 770
136 592
92 441
384 354
632 275
494 866
45 824
427 478
853 347
711 326
36 168
604 841
587 131
886 32
330 751
884 60
136 239
761 244
292 818
142 174
249 968
263 998
35 325
401 946
651 149
19 796
151 689
632 497
100 15
979 237
448 850
512 839
729 455
712 393
984 459
800 451
590 692
428 328
138 959
252 132
915 934
301 458
129 442
312 902
518 927
904 799
669 513
319 685
12 337
450 876
470 765
716 26
914 424
511 224
242 1
552 121
63 614
392 376
189 849
650 187
283 201
975 745
400 514
184 303
900 45
327 786
333 295
938 633
134 877
36 866
67 496
88 598
674 229
431 229
325 930
844 181
350 954
168 653
940 718
957 744
322 180
135 876
201 48
507 141
281 279
673 723
135 621
576 682
628 531
960 510
639 97
100 673
410 889
268 584
876 66
416 662
25 758
370 440
61 927
886 495
852 638
853 163
84 925
416 297
86 905
169 56
731 523
493 137
850 845
721 174
788 678
33 874
706 366
529 137
575 816
201 229
517 647
863 175
538 233
956 328
958 188
779 705
12 730
581 808
691 470
105 223
711 412
324 383
195 101
642 91
230 824
350 763
188 100
152 637
651 990
467 624
209 478
251 153
587 988
463 383
680 297
954 200
666 267
187 235
779 536
928 995
122 166
487 118
378 697
507 445
234 671
331 224
770 294
311 720
97 620
993 869
99 832
906 515
443 434
882 930
711 953
675 680
549 820
188 148
906 489
20 627
868 72
796 243
318 528
800 833
907 944
915 507
107 489
452 553
417 537
92 413
863 366
277 253
794 393
453 13
523 128
961 805
502 914
431 615
785 570
605 89
182 577
372 960
130 635
667 247
21 684
194 732
543 722
213 214
107 762
332 927
589 16
992 844
29 702
576 11
933 182
116 742
452 480
319 771
892 71
500 10
904 782
198 165
165 489
536 211
848 136
331 260
780 226
848 410
682 56
595 953
783 939
382 977
660 828
864 810
187 798
146 590
955 904
131 876
642 426
82 683
727 185
431 620
711 291
179 434
234 638
783 984
915 819
646 764
761 614
245 528
301 326
247 835
676 144
184 984
589 947
418 47
327 171
458 541
93 751
477 730
667 310
8 324
64 470
45 161
146 997
458 979
279 583
330 710
80 763
93 935
579 156
818 483
767 382
252 364
969 198
988 166
68 844
350 896
939 260
596 374
642 96
428 775
547 225
910 391
564 286
428 138
829 333
119 729
940 976
407 155
137 472
414 294
92 663
838 677
420 374
107 496
393 957
71 973
577 40
539 789
59 824
740 719
888 208
639 908
405 6
30 881
487 485
588 382
274 776
353 942
5 98
335 270
444 115
194 445
215 511
52 632
236 954
441 422
167 903
738 961
670 440
668 341
669 908
339 601
936 591
658 415
570 333
213 435
474 19
917 557
780 414
590 24
331 935
647 270
977 595
63 71
539 101
61 593
60 992
932 238
401 468
430 240
863 684
215 109
630 681
115 89
450 133
903 106
216 118
63 468
301 457
238 550
175 592
823 819
662 537
129 803
131 195
386 329
425 367
780 57
943 607
283 101
713 106
490 728
154 275
843 769
956 608
39 843
301 235
88 254
800 535
573 271